variant_id,stop_id
851928,5274
851928,1759
851928,211
851928,240
852830,3134
852830,481
852830,3891
852830,5625
852864,242
852864,5296
852864,2492
853461,5475
853461,179
853476,812
853476,3861
853476,4458
853476,4115
853476,4709
853476,4481
853476,4678
853476,4461
853476,4746
853598,5608
853598,895
853605,5608
853605,2251
853605,895
853612,5608
853612,2251
853612,895
853612,3976
853612,3972
853920,4571
853920,869
853920,5123
853920,3517
854046,5445
854046,2528
854046,481
854046,5457
854046,509
854046,3526
854046,546
854046,4895
854046,554
854085,5692
854521,642
854521,636
854521,1312
854521,1176
854521,4893
854521,1901
854521,604
854521,605
854521,708
854521,711
854521,3421
854681,5681
854681,4125
854681,5689
854681,3906
854681,3514
854681,3519
854710,3895
855219,2528
855219,2036
855219,353
855219,4284
855219,4286
855219,4291
855219,4301
855219,4276
855219,4275
855589,1901
855589,604
855589,708
855589,711
855589,3422
855610,4894
855610,4570
855610,5296
855795,2855
855892,5700
855892,5220
856150,148
856150,5609
856156,153
856156,148
856156,5609
856402,3976
856402,3972
856825,5462
856825,2855
856885,3598
856885,5627
856885,2506
856885,3415
857856,812
857856,3861
857856,4458
857856,4115
857856,4459
857856,4746
857886,5608
857893,148
857893,5609
857893,4144
857894,115
857894,4803
857894,981
857894,2482
857894,73
857894,5609
857895,5609
857896,1015
858684,5608
858684,149
858689,5608
858689,149
858689,912
858690,2714
858690,5608
858690,149
858690,912
858733,576
858733,2880
858733,565
858733,551
858733,607
859007,3415
859007,2828
859007,707
859007,606
859007,603
859007,1900
859007,4892
859007,1289
859007,2029
859007,1313
859007,637
859007,668
859007,2172
859007,675
859067,637
859067,668
859067,2172
859068,5296
859072,5626
859072,2861
859072,1149
859084,5296
859084,271
859084,281
859084,3782
859084,5571
859374,5626
859683,1629
859683,2031
859956,3134
860513,5609
860514,1015
860514,5609
860648,5167
860648,5155
860648,115
860649,5297
860649,4571
860649,869
860891,3892
860891,1249
860891,3134
861110,180
861110,5297
861110,240
861110,1175
861186,2869
861186,5297
861186,240
861186,1175
861252,1125
861252,3762
861252,114
861252,5154
861252,4748
861260,637
861260,5579
861260,212
861260,195
861260,179
861398,977
861398,1312
861398,1871
861398,1782
861398,637
861399,2855
861399,205
861514,5475
861514,2492
861514,4387
861547,469
861547,5739
861547,1011
861561,5297
861561,4571
861561,869
861561,5575
861600,3900
861600,3892
861600,27
861601,5466
861601,5626
861601,2863
861601,3900
861601,3892
861601,27
861664,3134
861664,481
861665,3134
861852,1534
861852,1581
861852,1502
861852,1572
861855,1573
861855,1501
861855,1580
861855,1419
861855,1547
861863,1408
861871,2820
861871,1496
861871,1604
861918,4898
861918,1547
861918,3524
861978,5475
861978,179
861978,4387
862070,1160
862070,212
862070,2479
862070,115
862161,1759
862161,1142
862164,3134
862171,2528
862171,481
862216,5626
862216,1963
862216,3182
862216,2861
862216,1149
862216,5297
862216,1142
862216,5582
862314,3134
862337,1160
862337,5582
862337,651
862337,965
862337,3517
862337,508
862337,5460
862337,3514
862337,3901
862339,1160
862339,5582
862339,651
862339,965
862339,3517
862339,508
862339,5460
862339,3514
862339,3901
862713,26
862713,5423
862725,5297
862725,1306
862725,1151
862725,318
862725,3892
862725,1249
862725,27
862845,26
862845,1330
862845,3517
862845,508
862845,5458
862845,3514
862845,242
862845,212
862866,1160
862866,5582
862866,651
862866,965
862866,3517
862866,508
862936,2528
862936,2036
862936,353
862936,4284
862936,4286
862938,812
862938,3861
862938,4458
862938,4115
862938,4709
862938,4481
862938,4678
862938,4461
862938,4746
862938,4711
862984,665
862989,26
862989,3893
862989,3901
862989,281
862989,812
862989,403
862989,3782
862989,5571
862989,388
863025,3894
863025,5523
863050,5692
863086,4898
863086,1547
863086,3524
863086,1541
863100,1635
863100,4685
863100,1544
863100,3523
863100,1418
863100,2031
863100,1495
863157,1542
863195,1586
863197,1582
863197,1578
863197,1544
863197,1397
863231,3641
863246,3420
863246,5592
863246,4566
863268,115
863268,4803
863268,981
863268,2482
863268,73
863268,5609
863273,153
863273,148
863273,5609
863273,4144
863359,4525
863359,3628
863359,4554
863359,3617
863359,1085
863359,3603
863359,3596
863359,3598
863359,5627
863359,2506
863359,3415
863359,2828
863359,707
863359,612
863359,1819
863399,148
863399,5609
863407,153
863407,148
863407,5609
863408,73
863712,1472
863712,4899
863765,3899
863765,1819
863765,2815
863765,281
863765,3934
863766,5571
863766,864
863766,327
863766,5487
863766,546
863766,4893
863766,1901
863766,604
863766,711
863766,3421
863766,2305
863806,2899
863806,51
863806,2274
863806,3415
863806,2828
863806,707
863806,603
863806,4892
863807,2899
863807,55
863807,5440
863807,2274
863807,2304
863807,3415
863807,2828
863807,707
863807,603
863807,4892
863807,1330
863807,3517
863807,508
863807,5456
863807,3514
863807,2861
863807,1149
863807,5274
863814,16
863814,198
863814,3547
863814,5297
863814,1151
863814,494
863814,3518
863814,5456
863814,509
863814,3526
863814,546
863814,613
863814,3895
863831,3899
863831,1819
863831,2815
863831,317
863831,281
863831,3934
863846,1819
863846,1330
863846,3517
863846,3518
863846,3894
863846,5523
863850,26
863867,1125
863867,3762
863867,114
863867,5154
863867,952
863872,115
863880,639
863880,3899
863881,4652
863881,637
863881,668
863881,2172
863881,5405
863882,5405
863882,639
863882,3899
863903,4125
863903,5689
863903,3892
863903,27
863978,3901
863978,304
863978,2531
863978,5167
863978,5155
863987,647
863987,639
863987,3899
863987,1248
863987,708
863987,711
863987,3421
863987,2305
863988,2274
863988,3415
863988,2828
863988,707
863988,613
863988,4652
863988,638
863989,647
863989,637
863991,4652
863991,636
863991,818
863991,656
863991,242
863991,5296
863991,271
863991,5439
863993,4652
864005,5689
864005,2955
864005,3134
864034,2899
864034,51
864034,2274
864034,3415
864034,2828
864034,707
864037,3899
864037,604
864037,708
864037,711
864037,3421
864037,2305
864037,2871
864055,26
864055,1330
864055,3517
864055,508
864065,546
864065,613
864065,637
864066,3526
864066,546
864066,613
864066,637
864086,509
864086,3526
864086,546
864086,4895
864086,554
864162,1751
864162,1868
864163,4896
864163,1470
864163,1420
864163,5437
864163,2820
864220,3523
864220,1548
864220,4899
864223,1573
864223,1501
864223,1387
864223,4685
864223,2817
864243,5608
864243,2251
864247,5608
864247,895
864273,5608
864273,895
864273,3870
864274,5608
864274,2251
864274,895
864274,3870
864337,1188
864337,708
864337,711
864337,3421
864337,728
864337,3244
864337,2105
864337,3656
864337,3669
864337,1702
864337,3706
864337,3709
864337,1200
864337,3662
864337,3664
864337,1204
864337,3635
864341,576
864341,5577
864341,2746
864341,4987
864341,5724
864341,1994
864341,1852
864341,5723
864343,576
864343,5577
864343,2746
864343,4917
864343,1826
864343,4927
864343,5010
864357,1188
864357,708
864357,711
864357,3421
864357,728
864357,3244
864357,4596
864357,3668
864357,1979
864357,3669
864357,3706
864357,3709
864357,1200
864357,3662
864357,3664
864361,1188
864361,708
864361,711
864361,3421
864361,728
864361,3244
864361,2105
864361,3656
864361,3669
864361,1702
864361,3706
864361,3709
864361,1081
864367,576
864367,5577
864367,2746
864367,4987
864367,4931
864367,5118
864367,1994
864367,1852
864367,5723
864390,539
864390,4664
864390,838
864395,4827
864395,4389
864395,2665
864395,348
864395,481
864395,509
864462,1629
864462,4896
864462,1420
864462,1581
864462,1502
864462,2355
864471,1472
864471,4899
864488,1419
864488,4897
864488,1628
864489,4896
864489,1420
864489,5437
864495,2820
864495,1496
864495,1604
864506,1531
864560,5424
864560,5154
864560,240
864560,1330
864560,3517
864560,508
864560,5461
864560,3892
864560,1249
864560,3134
864570,5750
864570,5760
864570,5757
864573,5423
864574,1249
864609,1160
864609,639
864609,3899
864609,1892
864609,604
864609,5761
864609,1034
864609,1701
864617,5761
864619,639
864619,3899
864619,1892
864619,604
864619,934
864619,5761
864636,3891
864636,5625
864637,481
864637,3891
864637,5625
864645,5571
864645,3890
864646,5761
864646,707
864650,2276
864650,3415
864664,1215
864664,481
864678,553
864678,4892
864678,1330
864678,3517
864678,508
864689,707
864689,613
864752,1819
864754,2274
864754,3415
864754,2828
864754,603
864754,4892
864754,1330
864754,2815
864754,3891
864754,5626
864760,4570
864760,5296
864765,1330
864765,3517
864765,480
864765,2035
864765,350
864768,1963
864768,2863
864768,316
864768,3518
864768,1249
864768,5584
864768,3134
864771,5297
864771,1151
864771,318
864771,3892
864771,27
864773,553
864773,4894
864773,5123
864773,3517
864773,480
864773,2527
864773,5523
864773,5692
864774,2276
864774,3415
864775,1901
864775,604
864775,708
864775,711
864775,3421
864775,2305
864775,2871
864776,5297
864776,4571
864776,3517
864782,5689
864782,2528
864782,481
864782,5457
864782,509
864782,3526
864782,546
864782,4895
864782,554
864802,799
864802,1125
864802,3762
864802,114
864803,5167
864803,5155
864803,115
864803,3136
864804,242
864804,5167
864804,5155
864804,115
864804,3136
864828,1330
864828,3517
864828,480
864829,1330
864829,3517
864829,480
864829,2035
864829,350
864830,469
864830,5739
864830,1011
864830,547
864835,648
864835,5600
864835,665
864841,281
864841,403
864841,3256
864846,1151
864846,305
864846,3891
864850,1248
864850,708
864850,711
864850,3421
864850,2305
864850,728
864855,480
864856,3134
864862,1151
864862,318
864862,3892
864862,27
864873,26
864875,637
864876,5639
864877,4895
864878,26
864878,5423
864878,5523
864878,5692
864889,5297
864889,1142
864896,509
864896,3526
864896,546
864896,27
864898,26
864898,1330
864898,3517
864908,509
864908,3526
864908,546
864908,613
864908,3895
864909,4652
864909,637
864911,128
864914,3514
864914,396
864926,5689
864926,2528
864926,481
864926,509
864926,3526
864926,547
864927,3890
864927,3518
864927,5460
864927,509
864927,3526
864927,2816
864927,814
864927,665
864928,1160
864928,5582
864928,651
864929,1233
864929,5459
864929,509
864929,3526
864929,547
864932,927
864937,4825
864937,864
864951,5636
864951,2506
864951,3422
864951,2013
864951,761
864955,760
864955,757
864955,1230
864955,2711
864955,3419
864955,2375
864986,4250
864986,1581
864986,1502
864986,1572
864988,1548
864988,1420
864988,5310
865034,3884
865034,3415
865034,2828
865034,707
865034,603
865034,1900
865034,4892
865067,576
865067,5577
865067,3609
865067,2245
865067,3641
865067,4254
865067,3619
865067,3617
865067,1085
865067,3600
865095,637
865095,648
865095,656
865095,965
865095,1004
865095,1330
865095,3517
865095,480
865103,116
865103,5424
865103,1142
865103,665
865110,1901
865110,613
865110,3895
865116,2274
865116,3415
865116,2828
865116,707
865116,1819
865116,1289
865116,2028
865116,5167
865116,5155
865116,212
865116,3547
865118,180
865118,1142
865118,5582
865118,638
865119,2274
865119,3415
865119,2828
865119,707
865119,613
865119,4652
865119,638
865119,700
865121,3412
865121,1306
865121,2863
865121,3900
865121,2527
865122,2528
865122,481
865122,3891
865122,3933
865122,3182
865122,2855
865122,1174
865122,1142
865122,2172
865122,675
865122,5108
865124,3901
865124,952
865124,1782
865124,638
865125,3893
865125,481
865125,3526
865125,4895
865125,554
865126,3421
865126,2275
865136,509
865136,3526
865136,841
865136,2029
865136,1313
865136,637
865136,5467
865137,1312
865137,2028
865137,3517
865137,508
865137,5456
865140,636
865140,818
865140,3517
865140,508
865140,5460
865140,3514
865140,1000
865140,5626
865141,864
865141,3890
865141,3518
865141,5460
865141,509
865141,3526
865141,2816
865141,1782
865141,638
865147,2880
865147,553
865147,4892
865147,1330
865147,3517
865147,508
865147,5459
865147,3514
865147,242
865147,212
865147,129
865147,1251
865150,3890
865150,3518
865150,5460
865150,509
865150,3526
865150,2816
865150,814
865150,665
865159,2274
865159,3415
865159,2828
865159,603
865159,4892
865159,1330
865159,2815
865160,1188
865160,711
865160,3421
865160,2305
865161,637
865163,481
865163,3526
865163,814
865163,1175
865180,1125
865180,3762
865180,114
865180,5154
865180,5160
865180,4748
865200,5296
865200,271
865200,281
865200,3782
865200,5571
865200,5466
865209,642
865209,636
865209,1312
865209,1176
865210,2172
865210,675
865213,1215
865213,481
865214,348
865218,1330
865218,3517
865218,480
865220,5739
865220,1011
865221,1901
865221,613
865222,27
865230,5761
865230,1189
865230,935
865230,707
865230,613
865230,4652
865230,637
865230,644
865239,240
865240,5274
865240,1759
865240,211
865240,240
865241,818
865241,5469
865243,26
865243,5423
865244,5297
865245,1963
865258,5639
865259,3547
865263,638
865266,636
865266,818
865266,656
865266,242
865266,5296
865266,271
865269,3134
865277,1151
865277,318
865277,3892
865277,27
865284,3901
865284,952
865284,1782
865284,638
865290,2331
865290,2528
865290,481
865290,3526
865290,4893
865293,1248
865293,708
865293,711
865300,2871
865301,603
865301,4892
865303,284
865303,2861
865303,1149
865303,5297
865304,3514
865304,3526
865304,2816
865304,4570
865304,5296
865309,2899
865309,55
865309,5440
865309,2274
865309,2304
865309,3415
865309,2828
865309,707
865309,603
865309,4892
865309,1330
865309,3517
865309,508
865317,509
865317,3526
865317,841
865317,2029
865317,1313
865317,637
865318,1312
865318,2028
865318,3517
865318,508
865318,5456
865334,509
865334,3526
865334,2816
865334,1782
865334,638
865335,864
865335,3890
865335,3518
865335,5460
865335,509
865335,3526
865335,2816
865335,1782
865335,638
865336,509
865336,3526
865336,2816
865336,1782
865336,638
865337,1215
865337,481
865338,3802
865338,5297
865338,3517
865338,508
865338,5457
865338,480
865338,2035
865340,1215
865340,481
865341,1215
865341,481
865342,3901
865342,315
865342,1782
865342,641
865350,757
865350,1230
865350,3421
865350,707
865350,613
865350,637
865353,3008
865353,891
865353,1138
865353,211
865353,240
865358,603
865358,1061
865358,554
865374,1330
865374,5123
865398,4125
865398,5689
865398,5700
865398,5220
865470,1497
865470,2818
865470,1534
865470,1418
865470,2031
865474,1629
865474,2034
865474,1417
865474,1533
865474,2817
865474,1496
865474,1604
865475,1407
865475,1532
865475,2818
865475,4684
865475,1679
865475,1502
865475,1572
865496,1548
865496,1420
865496,5437
865502,1869
865513,1897
865523,1586
865526,1582
865526,1578
865526,1544
865526,1397
865528,1629
865528,2034
865528,1417
865528,1533
865528,2817
865538,2820
865538,1531
865538,1408
865540,1635
865540,4685
865540,1544
865540,3523
865540,1418
865540,2031
865541,1897
865541,2034
865541,1417
865541,5437
865573,5587
865573,4400
865573,2665
865573,4280
865573,1934
865573,4278
865573,4754
865573,4287
865575,5288
865575,5613
865575,4634
865575,4478
865575,4707
865575,4467
865578,376
865578,1817
865578,5571
865578,388
865588,5587
865588,4400
865588,2665
865588,4280
865588,1934
865588,4278
865588,4754
865588,4287
865588,4288
865590,5587
865590,4400
865590,2665
865590,4280
865590,1934
865590,4278
865591,5587
865591,4400
865591,2665
865591,4280
865591,1934
865591,4278
865627,3420
865627,5592
865627,4566
865627,4256
865627,2115
865665,1548
865665,1420
865665,5437
865665,1541
865737,2033
865737,1628
865803,1564
865803,1615
865803,1583
865803,1396
865803,1495
865814,5608
865814,149
865815,1015
865815,5609
865820,2714
865820,5608
865820,149
865821,153
865821,148
865822,115
865822,4803
865822,981
865822,2482
865822,73
865823,981
865823,2482
865823,73
865835,5608
865835,149
865835,153
865849,5608
865849,2251
865849,895
865868,5608
865868,895
865868,3976
865868,3972
865899,3884
865899,3415
865899,2828
865899,707
865899,603
865899,1900
865899,4892
865903,4254
865903,3617
865903,1085
865903,3603
865903,3596
865903,3598
865903,5627
865903,2506
865903,3415
865903,2828
865903,707
865903,612
865903,1819
865908,1188
865908,708
865908,711
865908,3421
865908,728
865908,3244
865908,3720
865908,4596
865908,3668
865908,1979
865908,3669
865908,3706
865908,3709
865908,1200
865908,3662
865908,3664
865916,576
865916,5577
865916,2746
865916,4987
865916,4917
865916,1826
865916,4927
865916,5010
865931,3600
865931,3603
865931,3596
865931,3598
865931,5627
865931,2506
865931,3415
865931,2828
865931,707
865948,4652
865948,637
865948,668
865948,2172
865956,4652
865956,637
865956,648
865956,5579
865956,212
865956,5296
865956,271
865956,281
865956,812
865978,2274
865978,3415
865978,2828
865978,603
865978,4892
865978,1330
865978,2815
865980,638
865994,3762
865995,665
866032,1160
866047,639
866047,3895
866048,4652
866048,637
866071,636
866071,818
866071,656
866071,242
866071,5296
866071,271
866086,5689
866086,2049
866086,3892
866086,27
866109,2899
866109,3422
866110,2880
866110,553
866110,4892
866110,1330
866110,3517
866110,508
866111,2880
866111,553
866111,5425
866111,637
866142,1817
866142,5626
866142,1963
866142,2855
866146,1901
866146,604
866146,708
866146,711
866146,3422
866146,4431
866146,4523
866146,2245
866146,3641
866146,4254
866236,4125
866236,3906
866236,3514
866236,3519
866242,3134
866242,5573
866242,5423
866242,3514
866242,317
866242,281
866242,403
866243,396
866243,3890
866243,304
866243,2855
866243,5296
866243,1759
866244,647
866244,639
866244,3899
866244,1248
866244,708
866244,711
866244,3421
866244,2305
866245,4652
866245,636
866245,818
866245,656
866245,242
866245,5296
866245,271
866246,26
866246,5125
866246,3906
866246,319
866246,2855
866246,5296
866247,2528
866247,3901
866247,2855
866247,1174
866247,116
866250,284
866250,2861
866250,1149
866250,5614
866250,5274
866250,1759
866250,1251
866252,509
866252,3526
866252,5388
866252,841
866252,2029
866252,1313
866252,1248
866252,2594
866252,934
866266,5626
866267,2274
866267,3415
866267,2828
866285,115
866285,3136
866286,5409
866286,3130
866286,116
866286,5424
866286,1142
866286,665
866287,5409
866287,3130
866287,116
866287,5424
866287,1142
866289,212
866289,2479
866289,115
866290,5296
866306,4125
866306,5689
866306,3906
866306,3514
866306,3519
866306,547
866307,5681
866307,4125
866307,5689
866307,3906
866307,3514
866307,3519
866307,547
866316,469
866316,27
866320,4652
866320,1892
866320,603
866320,1900
866320,1061
866320,4892
866322,4652
866325,1160
866325,639
866325,3899
866325,1892
866325,604
866325,934
866325,2117
866325,5761
866326,1034
866326,1701
866326,5761
866326,2117
866326,1189
866326,935
866326,707
866326,613
866326,4652
866326,637
866326,648
866326,5600
866326,665
866335,1149
866335,5614
866335,5297
866335,1142
866335,5582
866335,639
866335,3895
866337,26
866337,3906
866344,26
866344,5423
866344,3906
866344,319
866345,5296
866346,1963
866346,2863
866346,316
866346,3518
866346,1249
866351,3134
866351,5573
866351,5423
866351,3514
866351,317
866351,281
866351,403
866351,5439
866352,3134
866352,5573
866352,5423
866352,3514
866352,317
866352,281
866352,403
866352,5439
866352,3256
866353,469
866353,5573
866353,5423
866353,3514
866353,317
866353,281
866353,403
866354,469
866354,5573
866354,5423
866354,3514
866354,317
866354,281
866354,403
866354,3256
866355,469
866355,5573
866355,5423
866355,3514
866355,317
866355,281
866355,403
866355,5439
866355,3256
866356,2010
866356,3890
866356,304
866356,2855
866357,1151
866357,305
866357,3891
866357,5432
866358,304
866358,2531
866358,5167
866358,5155
866358,2479
866360,5639
866365,180
866365,1142
866365,5582
866365,638
866367,639
866367,3899
866372,5571
866372,3890
866372,480
866385,212
866385,1306
866385,281
866390,1248
866390,708
866390,711
866390,3421
866394,27
866398,2861
866398,1149
866398,5274
866399,3514
866399,2855
866399,1142
866400,1759
866400,116
866404,509
866404,3526
866404,841
866404,2029
866404,1313
866404,637
866406,5424
866406,5154
866406,240
866407,3134
866412,469
866412,5573
866412,5423
866412,3906
866412,509
866412,3526
866412,547
866413,3134
866413,5573
866413,5423
866413,3906
866413,5458
866413,3526
866413,547
866413,242
866413,5155
866413,2479
866424,509
866424,3526
866424,547
866440,5636
866440,2506
866440,3422
866440,2013
866441,2506
866441,3422
866441,2013
866441,761
866447,4125
866449,5626
866449,1963
866449,3182
866449,2861
866449,1149
866449,5297
866449,1142
866449,5582
866449,5583
866462,1603
866462,1497
866462,2818
866462,5310
866462,5114
866462,1586
866462,1868
866463,1396
866463,2034
866463,1417
866463,5437
866463,1397
866463,3902
866467,2356
866467,1501
866467,1580
866467,1419
866467,4897
866467,1628
866468,4896
866468,1420
866468,1581
866468,1387
866469,1582
866469,1578
866469,1544
866469,1407
866469,1532
866471,3908
866471,3858
866471,1491
866471,1548
866471,4897
866471,1869
866471,1587
866474,3908
866474,1398
866474,3522
866474,1596
866474,5179
866474,2355
866475,1573
866475,1501
866475,1387
866475,4685
866475,2817
866475,1531
866475,1408
866476,2356
866476,1501
866476,1580
866476,1544
866476,1397
866476,3907
866490,1419
866490,1547
866490,2536
866491,2741
866491,1581
866491,1502
866491,1572
866494,4898
866494,1547
866494,3524
866495,1750
866500,3522
866500,1419
866500,1547
866500,2536
866506,1603
866506,1497
866506,2818
866509,1680
866509,1582
866509,5115
866509,2817
866509,1496
866509,1604
866512,3908
866512,1398
866512,3522
866512,1418
866512,2031
866512,1868
866519,1398
866519,3522
866519,1418
866519,2033
866519,1628
866525,1407
866530,1541
866536,3523
866536,1419
866536,4897
866536,1628
866537,1534
866537,1581
866537,1502
866537,2355
866540,1679
866540,1580
866540,1533
866553,1398
866553,1541
866553,1579
866553,1583
866566,1496
866566,1604
866567,3908
866567,1398
866569,2356
866569,5180
866569,1586
866569,1868
866573,1564
866573,1579
866573,5179
866573,2355
866578,2818
866578,4684
866578,1679
866578,1502
866578,1572
866582,1573
866582,1501
866582,1580
866582,1544
866582,1397
866583,1573
866583,1501
866583,1580
866591,3902
866602,812
866602,3861
866602,4458
866602,4434
866602,4463
866614,5288
866614,5613
866614,4634
866614,4478
866614,4465
866614,4746
866619,812
866619,3861
866619,4458
866619,4463
866619,4707
866619,4744
866619,4493
866619,4497
866624,5608
866624,72
866624,1125
866624,4804
866624,114
866625,5609
866625,4201
866630,148
866631,153
866631,148
866631,5609
866632,115
866632,4803
866632,981
866632,2482
866632,73
866632,5609
866633,981
866633,2482
866633,73
866633,5609
866635,1015
866635,5609
866718,2049
866718,3906
866718,3514
866718,3526
866718,546
866718,1248
866718,711
866718,3420
866719,757
866719,3415
866719,2828
866719,1819
866719,1330
866719,3517
866719,3518
866719,3894
866719,5523
866729,5587
866729,4400
866729,348
866729,1215
866729,481
866730,5569
866730,349
866730,1215
866730,481
866734,3412
866734,3547
866734,5297
866734,1151
866734,305
866734,3891
866734,5432
866742,891
866742,3547
866742,5288
866742,271
866742,2863
866743,3526
866743,2816
866743,4570
866743,5296
866744,2816
866744,952
866744,1782
866744,4894
866744,3517
866745,5288
866745,271
866745,2863
866745,3518
866745,5456
866745,509
866745,3526
866745,5388
866745,546
866745,4893
866745,604
866745,708
866745,711
866745,3421
866745,2273
866745,2305
866745,5440
866745,2871
866746,935
866746,707
866746,611
866746,1819
866746,1312
866746,2028
866746,1330
866746,3517
866746,508
866746,5456
866749,469
866749,5573
866749,5423
866749,3906
866749,5458
866749,3526
866749,547
866749,242
866749,5155
866749,2479
866751,3802
866751,5297
866751,3517
866751,508
866751,5457
866751,480
866751,2035
866752,977
866752,818
866752,964
866752,5469
866757,3933
866757,2863
866757,316
866757,5487
866757,613
866757,4652
866758,5571
866759,2815
866759,3891
866759,396
866759,5626
866760,5571
866760,864
866760,327
866760,5487
866761,1188
866761,711
866761,3421
866761,2305
866763,648
866763,656
866763,965
866763,1004
866763,1330
866763,3517
866763,480
866777,242
866777,5167
866777,5155
866777,115
866778,116
866778,5424
866779,1160
866780,2172
866782,4571
866782,869
866782,5123
866782,3517
866804,26
866804,3906
866804,3514
866804,3519
866806,642
866806,636
866806,1312
866806,1176
866806,4893
866806,1901
866806,604
866806,605
866806,708
866806,711
866806,3421
866810,481
866812,26
866812,5584
866812,3134
866824,242
866824,1813
866824,212
866824,3547
866824,5288
866824,271
866825,3892
866825,27
866826,5274
866826,1759
866826,5412
866826,211
866826,240
866827,2863
866827,316
866827,3518
866827,1249
866827,5584
866827,3134
866828,5584
866828,3134
866829,5439
866829,1963
866829,2863
866829,316
866829,3518
866829,3892
866829,1249
866829,5584
866829,3134
866831,5423
866831,3514
866831,317
866831,281
866831,403
866832,3514
866832,317
866832,281
866832,403
866837,396
866837,3890
866837,304
866837,2855
866837,5296
866837,1759
866838,396
866838,3890
866838,304
866838,2855
866842,1151
866842,305
866842,3891
866843,5424
866843,5154
866843,5160
866843,240
866843,30
866843,305
866843,3900
866843,5639
866847,1759
866847,1142
866847,5154
866847,5162
866858,5571
866858,3890
866858,480
866863,5297
866864,26
866864,5125
866864,3906
866864,319
866865,5296
866867,242
866867,5296
866867,2492
866868,180
866868,5297
866868,240
866868,1175
866869,2855
866869,1174
866869,1142
866869,2172
866869,675
866869,5108
866870,3890
866870,480
866870,2527
866871,3901
866871,281
866872,636
866872,818
866872,964
866872,5469
866872,493
866872,494
866872,3900
866872,5639
866874,604
866874,708
866874,3421
866875,3415
866875,707
866875,603
866876,604
866876,708
866877,2049
866878,5297
866879,5297
866883,2816
866883,952
866883,1782
866883,4894
866883,3517
866884,2899
866884,55
866884,5440
866884,2274
866884,2304
866884,3415
866884,2828
866884,707
866884,603
866884,4892
866884,1330
866884,3517
866884,508
866885,604
866885,708
866885,711
866885,3421
866885,2273
866885,2305
866885,5440
866885,2871
866886,2861
866886,5439
866886,1149
866886,5274
866887,2855
866887,1142
866888,935
866888,707
866888,611
866895,3906
866895,5458
866895,3526
866895,547
866895,242
866895,5155
866895,2479
866899,16
866899,198
866899,3547
866899,5297
866899,1151
866899,494
866899,3518
866900,636
866900,818
866900,3517
866900,508
866900,5460
866900,3514
866901,271
866901,281
866902,3517
866902,508
866902,5460
866902,3514
866902,1000
866902,5626
866904,864
866906,864
866906,3901
866909,977
866909,818
866909,964
866909,5469
866912,546
866912,4895
866912,554
866912,2880
866935,760
866935,757
866935,1230
866935,2711
866935,3419
866935,5636
866935,2375
866941,604
866941,708
866941,3422
866943,760
866943,757
866943,1230
866943,2711
866943,3415
866943,707
866943,603
866944,4125
866951,1817
866951,5626
866951,1963
866951,2855
866951,1142
866955,148
866955,5609
866956,83
866956,2482
866956,73
866956,5558
866956,2839
866957,2838
866957,5611
866957,74
866957,1025
866958,992
866958,5609
866959,148
866959,5609
866960,148
866960,5609
866961,148
866962,148
866962,5609
866963,148
866963,5609
866964,153
866964,148
866968,83
866968,2482
866968,73
866968,5558
866968,2839
866968,3994
866969,83
866969,2482
866969,73
866970,2838
866970,5611
866970,74
866970,1025
866971,2838
866971,5611
866971,74
866971,1025
866972,2838
866972,5611
866972,74
866972,1025
866973,3995
866973,2838
866973,5611
866973,74
866973,1025
866974,3995
866974,2838
866974,5611
866974,74
866974,1025
866976,3995
866976,2838
866976,5611
866976,74
866976,1025
866977,74
866977,1025
866978,74
866978,1025
866979,74
866979,1025
866980,74
866980,1025
866981,992
866982,992
866982,5609
866983,992
866983,5609
866984,3871
866984,992
866984,5609
866985,3871
866985,992
866987,3871
866987,992
866987,5609
866989,992
866989,1015
866989,5609
866990,992
866990,1015
866990,5609
866991,992
866991,1015
866991,5609
866992,3871
866992,992
866992,1015
866992,5609
866993,3871
866993,992
866993,1015
866993,5609
866996,5608
866996,5561
866996,4248
866997,4248
866997,5620
866997,5609
866998,3977
866998,992
866998,5609
867000,4248
867000,5620
867000,5609
867001,4248
867001,5620
867001,5609
867002,4248
867002,5620
867006,3977
867006,992
867006,1015
867006,5609
867008,3977
867008,992
867008,1015
867008,5609
867009,3973
867009,3977
867009,992
867009,5609
867011,3973
867011,3977
867011,992
867011,5609
867014,3973
867014,3977
867014,992
867014,1015
867014,5609
867016,481
867016,3526
867016,814
867016,1175
867016,638
867029,3901
867029,304
867029,2531
867029,5167
867029,5155
867029,2479
867030,757
867030,3415
867030,2828
867030,707
867030,603
867030,1900
867030,4892
867032,3134
867032,481
867032,3891
867032,5625
867033,5689
867033,2331
867033,2528
867033,481
867033,3526
867033,4895
867033,554
867034,553
867034,4894
867034,5123
867034,3517
867034,480
867034,3894
867035,2049
867035,3906
867035,3514
867035,870
867035,4570
867035,5296
867035,5278
867035,184
867035,179
867035,188
867038,757
867038,1230
867038,3415
867038,2828
867038,707
867038,1819
867038,1312
867038,2028
867038,1330
867038,3517
867038,508
867038,5461
867038,3514
867038,2816
867038,1154
867038,281
867047,603
867047,4892
867047,1330
867047,2815
867047,3891
867047,396
867047,5626
867052,1248
867052,711
867052,3420
867053,3906
867053,3514
867053,3526
867053,546
867053,1248
867053,711
867053,3420
867054,2049
867054,3906
867054,3514
867054,3526
867054,546
867054,613
867055,5423
867067,103
867067,799
867067,1125
867067,3762
867067,114
867067,5154
867067,4748
867068,242
867068,5167
867068,5155
867068,115
867068,3136
867069,1160
867069,212
867071,3526
867071,5575
867071,4570
867095,1330
867095,3517
867095,480
867095,2035
867095,350
867095,2010
867098,582
867098,5761
867098,575
867098,613
867111,5761
867111,1189
867111,935
867111,707
867111,613
867111,4652
867111,637
867111,644
867113,648
867113,5579
867113,212
867113,5296
867113,271
867113,281
867113,812
867115,212
867115,3547
867115,5288
867118,1963
867118,2863
867118,316
867118,3518
867118,1249
867118,5584
867118,3134
867119,3134
867119,5573
867119,5423
867119,3514
867119,317
867119,2855
867120,469
867120,5573
867123,3890
867123,304
867124,1151
867124,305
867124,3891
867125,2479
867126,2479
867127,5424
867128,1759
867128,1142
867128,5154
867128,5162
867128,1176
867128,1178
867128,613
867130,728
867131,637
867132,812
867132,403
867133,1149
867133,5297
867133,240
867133,1175
867133,1782
867135,480
867135,3134
867142,26
867142,5125
867142,3906
867142,319
867143,242
867143,5296
867144,180
867144,5297
867144,240
867145,2528
867145,481
867146,1249
867146,27
867147,638
867148,3901
867148,952
867148,1782
867148,638
867149,5689
867149,2049
867149,3892
867151,603
867151,4894
867151,5123
867151,3517
867151,480
867151,2527
867151,5523
867151,5692
867154,187
867154,180
867154,5297
867155,603
867158,1782
867158,4894
867158,3517
867159,5274
867160,2899
867160,55
867160,5440
867160,2274
867160,2304
867160,3415
867160,2828
867160,707
867161,2899
867161,55
867161,2274
867161,2304
867161,3415
867161,2828
867161,707
867161,626
867163,1759
867163,116
867163,5424
867164,2594
867164,934
867173,3514
867173,1154
867173,5296
867173,1759
867173,15
867175,636
867175,818
867175,3517
867175,508
867175,5460
867176,480
867176,2035
867177,818
867177,964
867177,5469
867178,494
867179,757
867179,1230
867179,3415
867179,2828
867179,707
867179,1819
867179,1312
867179,2028
867179,1330
867179,3517
867179,508
867179,5461
867179,3514
867179,2816
867179,1154
867179,281
867181,3422
867185,576
867186,1233
867186,5459
867186,509
867187,5459
867187,509
867187,3526
867187,547
867188,5761
867188,575
867188,977
867188,2028
867188,1330
867188,3517
867188,5459
867190,5761
867198,4825
867198,864
867198,3890
867198,3526
867198,547
867269,644
867269,5579
867269,5296
867269,271
867269,281
867269,403
867269,5571
867276,5218
867276,5221
867276,5705
867276,5692
867280,5626
867280,1963
867280,3182
867280,2861
867280,1149
867280,5297
867280,1142
867280,5582
867281,644
867282,5579
867282,5296
867282,271
867282,281
867282,403
867282,5571
867294,4898
867294,1547
867296,1542
867296,3523
867296,1419
867296,1547
867296,2536
867297,1680
867297,1582
867297,5115
867297,2817
867297,1496
867297,1604
867298,3908
867298,1398
867298,3522
867298,1418
867298,2031
867298,1868
867299,1629
867299,2034
867299,1417
867299,5437
867299,1397
867300,4896
867300,1470
867300,1420
867300,1581
867300,1502
867300,1572
867302,1542
867302,1418
867302,2031
867303,1582
867303,1578
867303,1544
867303,1397
867304,1398
867304,1541
867304,1579
867304,1583
867306,1603
867306,1497
867306,2818
867306,1534
867306,1418
867306,2033
867306,1628
867307,2356
867307,5180
867307,1586
867307,1396
867307,2033
867307,1750
867310,1573
867310,1501
867310,1580
867310,1544
867310,3523
867310,3857
867311,3858
867311,3524
867311,1541
867311,1581
867311,1502
867311,1572
867313,1534
867313,1418
867313,2033
867313,1472
867313,4899
867314,1750
867315,1868
867316,4896
867316,1470
867316,1420
867316,5437
867318,3522
867318,1419
867318,1471
867318,4899
867319,1548
867319,1420
867319,5437
867320,1548
867320,1420
867320,5310
867325,1542
867326,1407
867327,1541
867328,1408
867329,1548
867329,1420
867329,5437
867333,3523
867333,1419
867333,1547
867333,2536
867336,1897
867340,1868
867350,1398
867350,3522
867350,1418
867350,2031
867350,1868
867351,1868
867353,2034
867353,1417
867353,5437
867353,1397
867354,1573
867354,1501
867354,1580
867354,1533
867356,1534
867356,1581
867356,1502
867356,1572
867357,2741
867357,1581
867357,1502
867357,1572
867358,1542
867358,1418
867358,2031
867364,1680
867364,1601
867364,1628
867366,1629
867372,2034
867372,1417
867372,1581
867372,1387
867378,1582
867378,1578
867378,1544
867378,1407
867378,1532
867379,1587
867384,1398
867384,1541
867384,1579
867384,1583
867385,1587
867386,3908
867386,3858
867386,1491
867386,1548
867386,4897
867386,1869
867390,3858
867390,1491
867390,1548
867390,4897
867390,1869
867390,1587
867396,1603
867396,1497
867396,2818
867397,2033
867397,1628
867402,1407
867402,1532
867402,2818
867403,1573
867403,1501
867403,1387
867403,4685
867403,2817
867405,3908
867405,1398
867406,1541
867406,1581
867406,1502
867406,2355
867409,3908
867409,3858
867409,3524
867411,1869
867411,1582
867411,1581
867411,1502
867411,1572
867414,1897
867414,2034
867414,1417
867414,5437
867416,1541
867416,4684
867416,4572
867417,3522
867417,1418
867417,2031
867417,1495
867418,1897
867418,1869
867418,1582
867418,5115
867419,1901
867419,604
867419,708
867419,711
867419,3420
867420,575
867421,575
867421,1701
867422,596
867422,1701
867422,575
867422,555
867426,1751
867426,1868
867428,1548
867428,1420
867428,1581
867428,1502
867428,1572
867432,1897
867432,2034
867432,1417
867432,1543
867433,1497
867433,1531
867433,1408
867433,1542
867433,1579
867433,1583
867440,1897
867440,2034
867440,1417
867440,5437
867440,1541
867440,4684
867440,4572
867444,1750
867448,1548
867448,1420
867448,1533
867459,1897
867459,2034
867459,2583
867459,1614
867459,2817
867462,3908
867465,1573
867465,1501
867465,1580
867465,2742
867472,1629
867472,4896
867472,1420
867472,5437
867474,2356
867474,1501
867474,1580
867475,2034
867475,1417
867475,1581
867475,1502
867475,2355
867487,3908
867488,1586
867488,1396
867488,4898
867488,1547
867488,3857
867490,4898
867490,1547
867490,3857
867490,3902
867493,1603
867493,1497
867499,1531
867499,1408
867512,1573
867512,5180
867512,5115
867513,1543
867516,4250
867516,1581
867516,1502
867516,1572
867517,1397
867517,3907
867521,526
867521,538
867523,637
867523,5108
867523,5341
867523,5674
867525,1782
867525,638
867525,3124
867525,691
867525,5599
867525,4445
867525,4726
867529,3720
867529,4529
867529,3600
867529,3603
867529,3596
867529,3598
867529,5627
867529,2506
867529,3415
867529,2828
867529,707
867529,1819
867533,4700
867533,3537
867533,638
867533,4646
867533,46
867539,1901
867539,604
867539,708
867539,711
867539,3422
867539,4431
867539,4523
867539,2245
867539,3641
867539,3027
867539,3025
867539,4551
867541,638
867541,3124
867541,687
867541,2056
867541,5110
867542,638
867542,3124
867542,687
867542,2056
867542,5110
867542,5108
867542,5405
867543,5109
867543,5110
867543,686
867543,3123
867543,642
867543,636
867544,526
867544,538
867545,526
867545,538
867545,3272
867546,539
867546,527
867548,637
867548,5108
867548,5341
867548,4954
867556,1782
867556,638
867556,3124
867556,691
867566,1188
867566,708
867566,711
867566,3421
867566,728
867566,3244
867566,2105
867566,3720
867566,3656
867566,3669
867566,1702
867566,3706
867566,3709
867566,1081
867572,4700
867572,3537
867572,638
867572,4646
867572,46
867572,5363
867572,3650
867572,3036
867572,1979
867572,3669
867572,1702
867572,3706
867572,3588
867572,3666
867572,3722
867574,4700
867574,3537
867574,638
867574,4646
867574,46
867574,1172
867574,4726
867576,4728
867576,696
867576,46
867577,46
867577,1172
867577,4726
867590,1200
867590,3662
867590,3664
867590,1204
867590,3600
867590,3603
867590,3596
867590,3598
867590,5627
867590,2506
867590,3415
867590,2828
867590,707
867594,1188
867594,708
867594,711
867594,3422
867594,3195
867594,2013
867594,5592
867594,3641
867594,3027
867594,3025
867594,4551
867594,4544
867597,3600
867597,3603
867597,3596
867597,3598
867597,5627
867597,2506
867597,3415
867597,2828
867597,707
867598,33
867598,4663
867598,538
867599,576
867599,5577
867599,2245
867599,3641
867599,4254
867599,3619
867599,1085
867599,5762
867599,3663
867599,1083
867599,4539
867604,582
867604,5761
867604,575
867604,4892
867607,3514
867607,508
867607,480
867607,347
867607,2666
867607,4389
867607,4825
867607,4738
867608,4288
867608,4300
867608,4754
867608,4285
867608,4283
867608,1217
867608,357
867608,2527
867609,4747
867609,4460
867609,4114
867609,4457
867609,3410
867610,180
867610,5476
867611,4291
867611,4277
867611,1933
867611,4279
867611,2666
867611,4401
867611,5588
867611,335
867612,4492
867612,4429
867612,4479
867612,5635
867612,5614
867612,5274
867613,389
867613,5625
867613,1816
867613,375
867613,4413
867614,4429
867614,4464
867614,4457
867614,3410
867615,4288
867615,4300
867615,4754
867615,4285
867615,4283
867615,1217
867615,357
867615,2527
867616,4285
867616,4283
867616,1217
867616,357
867616,2527
867617,4747
867617,4462
867617,4678
867617,4480
867617,4710
867617,4114
867617,4457
867617,3410
867618,5475
867618,179
867618,4387
867618,4490
867619,4387
867619,180
867619,5476
867620,4813
867620,4387
867620,180
867620,5476
867621,4813
867621,4387
867621,180
867621,5476
867622,4387
867622,180
867622,5476
867623,180
867623,5476
867624,4276
867624,4291
867624,4277
867624,1933
867624,4279
867624,2666
867624,4401
867624,5588
867624,335
867625,4277
867625,1933
867625,4279
867625,2666
867625,4401
867625,5588
867625,335
867626,4747
867626,4429
867626,4479
867626,5635
867626,5614
867626,5274
867627,4429
867627,4479
867627,5635
867627,5614
867627,5274
867628,4492
867628,4429
867628,4479
867628,5635
867628,5614
867628,5274
867629,4747
867629,4429
867629,4479
867629,5635
867629,5614
867629,5274
867630,4496
867630,4490
867630,4745
867630,4429
867630,4464
867630,4457
867630,3410
867634,3758
867634,1149
867634,4634
867634,4478
867634,4707
867634,4744
867635,4492
867635,4745
867635,4429
867635,4479
867635,4633
867635,271
867635,3757
867637,575
867637,560
867637,5758
867637,5759
867637,5753
867638,5750
867638,5760
867638,5757
867638,575
867638,559
867684,596
867684,575
867684,555
867686,5758
867686,5759
867686,5753
867690,1396
867690,1750
867692,1497
867692,2818
867692,3523
867692,1419
867692,1471
867692,4899
867693,1573
867693,1501
867693,1580
867693,1419
867693,1547
867693,2536
867694,1542
867694,3523
867694,1548
867694,4899
867697,1897
867697,2034
867697,2583
867697,1614
867697,2817
867698,1398
867698,3522
867698,1418
867698,2033
867698,1628
867699,1573
867699,1501
867699,1580
867699,1419
867699,1471
867699,4899
867700,1679
867700,1580
867700,1419
867700,4897
867701,1586
867701,1396
867701,4898
867701,1547
867701,3857
867701,3902
867702,2356
867702,5180
867702,1595
867702,1616
867702,5437
867702,1397
867702,3907
867703,1751
867703,2031
867703,1869
867703,1582
867703,5179
867703,2355
867704,3908
867704,1398
867704,1541
867704,1581
867704,1502
867704,2355
867707,1573
867707,5180
867707,1583
867707,1396
867707,1495
867708,1897
867708,1869
867708,1582
867708,5179
867708,1572
867711,1869
867715,1497
867715,2818
867716,2818
867716,3523
867716,1419
867716,1471
867716,4899
867717,2820
867719,1534
867719,1419
867719,1547
867719,2536
867720,4250
867720,1419
867720,1547
867720,2536
867721,1548
867721,1420
867721,1581
867721,1502
867721,1572
867722,1751
867724,1408
867724,1542
867724,3523
867724,1548
867724,4899
867726,1407
867727,1541
867728,1408
867728,1542
867728,3523
867728,1419
867728,1547
867728,2536
867730,1497
867730,2818
867730,5310
867730,5114
867730,1586
867730,1868
867731,1680
867731,1582
867731,5115
867731,2817
867732,1603
867732,1497
867733,1496
867733,1604
867734,2820
867734,5310
867734,5114
867734,1586
867734,1868
867735,1396
867735,2034
867735,1417
867735,5437
867735,1397
867737,3902
867738,1629
867738,2034
867738,1417
867738,5437
867738,1397
867739,1629
867739,2031
867740,4896
867740,1473
867741,4250
867741,1581
867741,1502
867741,1572
867742,1408
867742,1542
867742,1418
867742,2031
867743,1531
867745,1581
867745,1502
867745,2355
867746,1601
867746,1628
867748,4896
867748,1420
867748,5437
867749,1679
867749,1580
867749,3520
867750,3384
867750,1581
867750,1387
867751,3522
867751,1419
867751,4897
867752,3384
867752,1581
867752,1387
867753,1582
867753,1578
867753,1544
867753,1407
867753,1532
867754,1582
867754,1578
867754,1544
867756,1582
867756,1578
867756,1544
867758,4898
867758,1547
867758,3857
867758,3902
867760,1586
867760,1868
867761,3902
867765,2356
867765,5180
867765,1595
867765,1616
867765,1533
867766,1397
867766,3907
867767,1534
867767,1596
867767,5179
867767,2355
867770,1532
867770,2818
867770,4684
867770,1679
867770,1502
867770,1572
867771,1407
867771,1532
867772,2820
867772,4684
867772,1679
867772,1502
867772,1572
867773,2356
867773,1501
867773,1580
867773,1544
867774,1573
867774,1501
867774,1580
867774,1544
867776,1541
867776,1581
867776,1502
867776,1572
867777,3523
867777,3857
867777,3902
867780,1635
867780,4685
867780,1544
867781,3523
867781,1418
867781,2031
867781,1495
867782,1564
867782,1615
867782,5179
867782,1572
867783,1534
867783,1418
867783,2033
867783,1472
867783,4899
867784,4896
867784,1470
867784,1420
867784,5437
867784,2820
867786,4896
867786,1473
867787,1573
867787,1501
867787,1580
867787,1418
867788,4898
867788,1547
867788,3524
867789,1582
867789,1578
867789,1544
867790,1419
867790,1547
867790,2536
867791,1396
867792,1573
867792,1501
867792,1580
867792,1418
867793,1629
867793,4896
867793,1420
867793,5437
867794,2356
867794,1501
867794,1580
867794,1418
867796,1601
867797,3523
867797,1419
867797,4897
867799,1541
867799,1579
867799,1583
867800,1531
867800,1408
867800,1542
867800,1579
867800,1583
867802,1869
867802,1587
867803,2356
867803,5180
867803,1578
867803,1565
867804,2033
867804,1750
867805,3908
867806,1398
867806,1541
867806,1581
867806,1502
867806,1572
867807,1897
867807,2034
867807,1417
867807,5437
867808,1635
867808,4685
867808,1544
867809,1541
867809,4684
867809,4572
867810,3933
867810,2863
867810,316
867810,5487
867810,613
867810,3895
867811,1249
867811,27
867812,115
867812,1139
867812,4803
867812,799
867812,1025
867813,91
867813,798
867813,4804
867813,114
867814,242
867814,212
867814,2479
867814,115
867814,1025
867814,3077
867815,3076
867815,1125
867815,116
867815,5424
867815,211
867815,4748
867816,639
867816,3899
867817,3077
867817,180
867817,5476
867817,5288
867817,271
867817,281
867817,3782
867817,5571
867818,5626
867818,3781
867818,2861
867818,1149
867818,5274
867818,5475
867818,179
867818,3076
867819,3517
867819,3518
867819,1218
867819,3894
867819,5523
867819,5692
867821,518
867821,5740
867821,2955
867821,3134
867822,576
867822,5577
867823,4652
867823,1892
867823,603
867823,1900
867824,1160
867824,639
867824,3899
867824,1892
867824,604
867824,934
867824,5761
867825,5761
867825,1189
867825,935
867825,707
867825,613
867825,4652
867825,637
867825,648
867825,1162
867825,5600
867825,665
867826,3182
867826,2861
867826,1149
867826,5614
867826,5297
867826,1142
867826,5582
867826,639
867826,3895
867827,242
867827,1813
867827,212
867827,3547
867827,5288
867828,26
867828,5423
867828,3906
867828,319
867828,2855
867828,5296
867829,3218
867829,5424
867829,5154
867829,5160
867829,240
867829,30
867829,305
867829,3900
867829,5639
867830,1759
867830,1142
867830,5154
867830,5162
867830,1176
867830,1178
867830,1248
867830,708
867830,711
867830,3421
867830,2305
867830,728
867831,1149
867831,5297
867831,240
867831,1175
867831,1782
867831,639
867831,3899
867832,5571
867832,3890
867832,480
867832,3134
867833,242
867833,5296
867834,5109
867834,212
867834,1306
867834,281
867834,1962
867834,3934
867834,3890
867834,480
867834,2527
867835,636
867835,818
867835,964
867835,5469
867835,493
867835,494
867835,3900
867835,5639
867836,187
867836,180
867836,5297
867836,4571
867836,869
867836,2815
867836,3518
867836,3894
867836,5523
867837,3008
867837,891
867837,1138
867837,3412
867837,211
867837,240
867837,3518
867837,5458
867837,509
867837,3526
867837,546
867837,27
867838,26
867838,1330
867838,3517
867838,508
867838,5458
867838,3514
867838,242
867838,212
867838,1251
867838,2999
867839,4652
867839,1819
867839,1330
867839,3517
867839,508
867839,5456
867839,3514
867839,1154
867839,5296
867839,1759
867839,15
867840,636
867840,818
867840,3517
867840,508
867840,5460
867840,3514
867840,396
867841,864
867841,3890
867841,3518
867841,5460
867841,509
867841,3526
867841,2816
867841,1782
867841,638
867842,1215
867842,481
867842,5458
867842,509
867842,3526
867842,5296
867842,3801
867843,1151
867843,494
867843,2815
867843,3518
867843,5456
867843,509
867843,3526
867843,841
867843,2029
867843,1313
867843,1248
867843,708
867843,711
867843,3422
867844,891
867844,1138
867844,211
867844,240
867844,5459
867844,509
867844,3526
867844,546
867844,4895
867844,554
867844,2880
867845,553
867845,4892
867845,1330
867845,3517
867845,508
867845,5457
867845,480
867845,2527
867845,5692
867845,5686
867846,1160
867846,5582
867846,651
867846,965
867846,3517
867846,508
867846,5460
867846,3514
867846,3901
867847,1233
867847,5459
867847,509
867847,3526
867847,841
867847,1176
867847,5425
867847,576
867847,5577
867848,5761
867848,575
867848,977
867848,2028
867848,1330
867848,3517
867848,5459
867848,927
867849,3891
867849,396
867849,4827
867849,5522
867849,4881
867849,4878
867850,4873
867850,4875
867850,5413
867850,4825
867850,864
867851,3899
867851,1819
867851,2815
867851,317
867851,281
867851,3934
867852,4652
867853,3895
867854,638
867857,757
867857,3415
867857,2828
867858,2049
867859,757
867859,3415
867859,2828
867859,613
867861,115
867861,1139
867861,4803
867861,799
867861,1025
867862,91
867862,798
867862,4804
867862,114
867865,3076
867865,1125
867865,116
867865,5424
867865,211
867865,4748
867866,3076
867866,1125
867866,116
867866,5424
867867,3076
867868,3076
867868,1125
867868,116
867868,5424
867868,211
867868,4748
867869,3076
867869,1125
867869,116
867869,5424
867870,242
867870,212
867870,2479
867870,115
867870,1025
867870,3077
867871,2479
867871,115
867871,1025
867871,3077
867872,242
867872,5167
867872,5155
867872,115
867872,3136
867873,1160
867873,212
867873,2479
867873,115
867873,3130
867873,5408
867874,116
867874,5424
867876,4652
867876,637
867877,613
867878,3077
867878,180
867878,5476
867878,5288
867878,271
867878,281
867878,3782
867878,5571
867879,3077
867879,180
867879,5476
867879,5297
867880,5626
867880,3781
867880,2861
867880,1149
867880,5274
867880,5475
867880,179
867880,3076
867881,3077
867881,180
867881,5476
867881,5288
867881,271
867881,281
867881,5571
867882,5626
867882,2861
867882,1149
867882,5274
867882,5475
867882,179
867882,3076
867883,3077
867883,180
867883,5476
867883,5288
867883,271
867883,281
867883,5571
867885,5466
867885,5626
867885,2861
867885,1149
867885,5274
867885,5475
867885,179
867885,3076
867886,3077
867886,180
867886,5476
867886,5288
867886,271
867886,281
867886,3782
867886,5571
867886,5466
867887,3077
867887,180
867887,5476
867887,5288
867887,271
867887,281
867887,5571
867887,5466
867888,5466
867888,5626
867888,3781
867888,2861
867888,1149
867888,5274
867888,5475
867888,179
867888,3076
867889,5466
867889,5626
867889,2861
867889,1149
867889,5274
867889,5475
867889,179
867889,3076
867890,5296
867890,271
867890,281
867890,5571
867891,5296
867891,271
867891,281
867891,5571
867891,5466
867892,5274
867892,5475
867892,179
867892,3076
867893,3517
867893,3518
867893,1218
867893,3894
867893,5523
867893,5692
867893,5680
867894,5681
867894,4125
867894,5689
867894,3906
867894,3514
867894,3519
867894,546
867894,856
867894,27
867895,3517
867895,3518
867895,1218
867895,3894
867895,5692
867896,3517
867896,3518
867896,1218
867896,3894
867896,5523
867896,5692
867896,5680
867897,26
867897,3894
867897,5523
867897,5692
867898,642
867898,636
867898,1312
867898,1176
867898,4893
867898,1901
867898,604
867898,605
867898,708
867898,711
867898,3421
867899,3415
867899,2828
867899,707
867899,606
867899,603
867899,1900
867899,4892
867899,2029
867899,1313
867899,637
867899,668
867900,637
867900,2172
867900,675
867901,1330
867901,3517
867901,480
867901,347
867901,2666
867901,4401
867902,1330
867902,3517
867902,480
867902,347
867902,2666
867902,4401
867902,864
867903,2010
867904,481
867908,1901
867910,1892
867910,603
867910,1900
867911,1160
867911,639
867911,3899
867911,1892
867911,604
867911,934
867911,5577
867912,5761
867912,1189
867912,935
867912,707
867912,613
867912,4652
867912,637
867912,648
867912,5600
867912,665
867913,1160
867913,639
867913,3899
867913,1892
867913,604
867913,934
867913,1034
867913,1701
867913,5577
867914,1160
867914,639
867914,3899
867914,1892
867914,604
867914,934
867914,2117
867914,5577
867915,1034
867915,1701
867915,5761
867915,1189
867915,935
867915,707
867915,613
867915,4652
867915,637
867915,648
867915,5600
867915,665
867916,5761
867916,2117
867916,1189
867916,935
867916,707
867916,613
867916,4652
867916,637
867916,648
867916,5600
867916,665
867917,5761
867917,2117
867917,1189
867917,935
867917,707
867917,613
867917,4652
867917,637
867917,648
867917,5600
867917,665
867918,5761
867920,576
867920,5577
867923,4652
867923,637
867923,648
867923,5579
867923,212
867923,5296
867923,271
867925,648
867925,5579
867925,212
867925,5296
867925,271
867926,3182
867926,2861
867926,1149
867926,5297
867926,1142
867926,5582
867927,648
867927,5579
867927,212
867927,5296
867927,271
867927,281
867927,812
867928,952
867928,1782
867929,5274
867929,1759
867929,211
867929,240
867930,5274
867930,1759
867930,5412
867930,1142
867931,26
867931,5423
867931,3906
867931,319
867931,2855
867931,5296
867932,1151
867932,318
867932,3892
867932,1249
867932,27
867933,5584
867933,3134
867934,281
867934,403
867935,3134
867935,5573
867935,5423
867935,3514
867935,317
867935,281
867935,403
867935,3256
867936,3134
867936,5573
867937,26
867937,3893
867938,3412
867938,3547
867938,5297
867938,1151
867938,305
867938,3891
867938,5432
867940,5154
867940,5160
867940,240
867940,30
867940,305
867940,3900
867940,5639
867941,3218
867941,5424
867942,2274
867942,3415
867942,2828
867942,707
867942,613
867943,5167
867943,5155
867943,212
867943,3547
867944,1176
867944,1178
867944,1248
867944,708
867944,711
867944,3421
867944,2305
867944,728
867945,637
867945,5579
867945,212
867945,195
867945,179
867946,639
867946,3899
867946,1248
867946,708
867946,711
867946,3421
867946,2305
867947,638
867947,700
867948,5571
867948,3890
867948,480
867948,3134
867949,5571
867949,3890
867949,480
867949,3134
867950,5571
867950,3890
867950,480
867952,5571
867952,3890
867953,5571
867953,3890
867954,3134
867954,481
867954,3891
867954,5625
867955,1151
867955,318
867955,3892
867955,27
867956,26
867956,5125
867956,3906
867956,319
867959,5109
867960,2172
867960,675
867960,5108
867963,553
867965,3421
867965,2275
867966,3415
867966,2828
867966,707
867966,613
867967,5296
867967,5278
867967,179
867967,188
867968,5296
867969,1901
867970,604
867970,708
867970,711
867970,3421
867970,2305
867970,2871
867971,5296
867971,271
867971,2863
867972,5297
867972,4571
867972,3517
867972,3518
867975,5288
867975,271
867975,2863
867975,3518
867975,5456
867976,1149
867976,5274
867977,509
867977,3526
867977,5388
867977,546
867977,4893
867978,1759
867978,1142
867979,3008
867979,891
867979,1138
867979,3412
867979,211
867979,240
867979,3518
867980,3008
867980,891
867980,1138
867980,3412
867980,211
867980,240
867980,3518
867981,1138
867981,3412
867981,211
867981,240
867982,3514
867982,242
867982,212
867982,1251
867982,2999
867985,5424
867985,5154
867985,240
867985,1330
867985,3517
867985,508
867986,469
867986,5573
867986,5423
867986,3906
867986,5458
867986,3526
867986,547
867986,242
867986,5155
867988,5424
867988,2554
867989,16
867989,198
867989,3547
867989,5297
867989,1151
867989,494
867989,3518
867989,5456
867990,509
867990,3526
867990,546
867990,613
867990,637
867992,864
867992,3890
867992,3518
867992,5460
867993,864
867993,3890
867993,3518
867993,5460
867993,509
867993,3526
867993,2816
867993,1782
867993,638
867994,636
867994,818
867994,3517
867994,508
867994,5460
867994,3514
867995,3802
867995,5297
867995,3517
867995,508
867996,5432
867997,757
867997,1230
867997,3415
867997,2828
867997,707
867997,1819
867997,1312
867997,2028
867997,1330
867997,3517
867997,508
868000,509
868000,3526
868002,5692
868002,5686
868003,5761
868003,575
868003,977
868003,2028
868003,1330
868003,3517
868003,5459
868003,927
868003,3581
868004,5459
868004,927
868005,5761
868005,707
868005,613
868006,3891
868006,396
868006,4827
868006,4880
868007,3891
868007,396
868007,4827
868007,5522
868007,4881
868007,4878
868008,3891
868008,396
868008,4827
868008,4880
868009,4873
868009,4875
868009,5413
868009,4825
868009,864
868009,3890
868009,3526
868009,547
868010,4873
868010,4875
868010,5413
868010,4825
868010,864
868010,3890
868010,547
868011,4873
868011,4875
868011,5413
868011,4825
868011,864
868013,5218
868013,5221
868013,5705
868013,5692
868013,5686
868014,1239
868014,281
868014,403
868014,5625
868014,1816
868014,5522
868014,4881
868014,4878
868015,4873
868015,4875
868015,5413
868015,1817
868015,5626
868015,1963
868015,2855
868015,1142
868016,604
868016,708
868016,3419
868017,2506
868017,3415
868017,707
868017,603
868018,5686
868021,4125
868022,281
868022,403
868022,5571
868024,281
868024,403
868024,5625
868024,1816
868024,4880
868025,4873
868025,4875
868025,5413
868025,1817
868025,5626
868025,1963
868025,2855
868028,638
868028,3124
868028,687
868028,2056
868028,5110
868028,5108
868029,5109
868029,5110
868029,686
868029,3123
868029,636
868030,539
868030,527
868031,5340
868031,5109
868031,1318
868031,642
868031,639
868031,1248
868032,4728
868032,4521
868032,690
868032,3123
868032,636
868033,4254
868033,4566
868033,2246
868033,3608
868033,4432
868033,3415
868033,2828
868033,707
868033,603
868033,1900
868034,616
868034,1248
868034,1188
868034,708
868034,711
868034,3419
868034,735
868034,5628
868034,3599
868034,3597
868034,3604
868034,5764
868034,4528
868034,3720
868035,2934
868036,616
868036,1248
868036,1188
868036,708
868036,711
868036,3419
868036,735
868036,2279
868036,5628
868036,3599
868036,3597
868036,3604
868036,1086
868036,3618
868036,4555
868036,3629
868036,3692
868036,4526
868037,3615
868037,749
868037,3665
868037,3663
868037,1083
868037,4539
868037,3707
868037,1703
868037,3670
868037,3683
868037,2106
868037,727
868037,2274
868037,3415
868037,2828
868037,707
868037,612
868038,46
868038,4647
868038,636
868038,3536
868038,4699
868039,3647
868039,3649
868039,3653
868039,3044
868039,2899
868039,51
868039,716
868039,2274
868039,3420
868039,5592
868039,4566
868039,4256
868039,2115
868040,4255
868040,2934
868040,5585
868040,757
868040,3421
868040,2305
868040,2177
868040,2871
868040,3652
868040,3646
868040,3645
868041,4936
868041,1993
868041,5119
868041,4443
868041,2745
868041,5761
868041,575
868042,4971
868042,4865
868042,4442
868042,4918
868042,2745
868042,5761
868042,575
868043,4552
868043,3024
868043,5769
868043,4566
868043,2246
868043,3608
868043,4432
868043,3415
868043,2828
868043,707
868043,606
868043,603
868044,686
868044,3123
868044,636
868045,3272
868045,539
868045,527
868046,1901
868046,604
868046,708
868046,711
868046,3422
868047,4953
868047,5367
868047,5675
868047,5340
868047,5109
868047,1318
868047,642
868047,639
868047,1248
868048,4953
868048,5367
868048,5675
868048,5340
868048,5109
868048,1318
868048,642
868048,636
868051,1782
868051,638
868051,3124
868051,691
868051,5599
868051,4445
868052,4521
868052,3123
868052,636
868053,690
868053,3123
868053,636
868054,4254
868054,4566
868054,2246
868054,3608
868054,4432
868054,3415
868054,2828
868054,707
868054,603
868054,1900
868055,1188
868055,708
868055,711
868055,3419
868055,735
868055,5628
868055,3599
868055,3597
868055,3604
868055,5764
868055,4528
868055,3720
868056,616
868056,1248
868056,708
868056,711
868056,3419
868056,735
868056,2279
868056,5628
868056,3599
868056,3597
868056,3604
868056,1086
868056,3632
868056,4254
868058,708
868058,711
868058,3419
868058,735
868058,2279
868058,5628
868058,3599
868058,3597
868058,3604
868058,1086
868058,3632
868058,4254
868060,3615
868060,749
868060,3665
868060,3663
868060,1083
868060,4539
868060,3707
868060,1703
868060,3668
868060,1979
868060,3670
868060,3683
868060,2106
868060,727
868060,2274
868060,3415
868060,2828
868060,707
868060,612
868061,3615
868061,749
868061,3665
868061,3663
868061,1083
868061,4539
868061,3707
868061,1703
868061,3668
868061,1979
868061,3670
868061,3683
868061,3720
868061,2106
868061,727
868061,2274
868061,3415
868061,2828
868061,707
868061,612
868062,1082
868062,3710
868062,3707
868062,1703
868062,3670
868062,3683
868062,2106
868062,727
868062,2274
868062,3415
868062,2828
868062,707
868062,612
868063,1082
868063,3710
868063,3707
868063,1703
868063,3670
868063,3683
868063,2106
868063,727
868063,2274
868063,3415
868063,2828
868063,707
868063,612
868064,1082
868064,3710
868064,3707
868064,1703
868064,3670
868064,3683
868064,3720
868064,2106
868064,727
868064,2274
868064,3415
868064,2828
868064,707
868064,612
868066,2317
868066,3707
868066,1703
868066,3668
868066,1731
868066,3037
868066,3647
868066,46
868066,4647
868066,636
868066,3536
868066,4699
868067,4728
868067,696
868067,46
868067,4647
868067,636
868067,3536
868067,4699
868069,4255
868069,2934
868069,5585
868069,757
868069,3415
868070,4936
868070,1993
868070,5119
868070,4930
868070,4443
868070,2745
868070,5761
868070,575
868072,4971
868072,4865
868072,4442
868072,4919
868072,2745
868072,5761
868072,575
868076,1188
868076,708
868076,711
868076,3419
868076,2279
868076,5628
868076,3599
868076,3597
868076,3604
868076,5762
868076,749
868076,3665
868076,3663
868076,1083
868077,33
868077,4663
868077,538
868077,3272
868077,3370
868077,5111
868077,4979
868077,4929
868078,4979
868078,4442
868078,3370
868078,3272
868078,539
868078,4664
868078,838
868079,3600
868079,1086
868079,3632
868079,3618
868079,4254
868079,4566
868079,2246
868079,5761
868079,575
868080,3419
868080,5628
868080,3599
868080,4559
868081,4552
868081,3024
868081,5769
868081,2934
868081,5585
868081,3884
868081,2711
868081,3196
868081,3415
868081,2828
868081,707
868081,612
868082,708
868082,711
868082,3419
868082,735
868082,2279
868082,5628
868082,3599
868082,3597
868082,3604
868082,3600
868084,1200
868084,3662
868084,3600
868084,1086
868084,3618
868084,4254
868084,4566
868084,2246
868084,5761
868084,575
868085,4566
868085,2246
868085,5761
868085,575
868086,4552
868086,3024
868086,5769
868086,2934
868086,5585
868086,3884
868086,2711
868086,3196
868086,3415
868086,2828
868086,707
868086,612
