variant_id,is_main,equiv_main_variant_id,join_stop_id,disjoin_stop_id
851928,1,,,
852830,0,,,
852864,0,,,
853461,1,,,
853476,0,,,
853598,1,,,
853605,0,,,
853612,0,,,
853920,0,,,
854046,0,,,
854085,0,867635,,
854521,1,,,
854611,0,867634,,
854681,0,,,
854710,0,867634,,
854901,0,867634,,
855219,1,,,
855535,0,867635,,
855589,1,,,
855610,1,,,
855794,0,,,
855795,0,867635,,
855892,0,,,
856150,0,,,
856156,0,,,
856402,0,,,
856825,0,867635,,
856885,1,,,
857856,1,,,
857886,1,,,
857893,0,,,
857894,0,,,
857895,0,,,
857896,0,,,
858684,1,,,
858689,0,,,
858690,0,,,
858691,0,,,
858694,0,,,
858733,1,,,
859007,1,,,
859067,0,867634,,
859068,0,867634,,
859072,0,867635,,
859084,0,867634,,
859374,0,,,
859376,0,,,
859683,0,867634,,
859956,0,,,
860181,0,867635,,
860513,0,,,
860514,0,,,
860648,1,,,
860649,1,,,
860860,0,867634,,
860891,0,,,
861110,1,,,
861186,0,,,
861252,1,,,
861260,1,,,
861398,0,867634,,
861399,0,867635,,
861514,0,,,
861547,1,,,
861561,1,,,
861600,0,867635,,
861601,0,867635,,
861664,0,867635,,
861665,0,867635,,
861852,0,867634,,
861855,0,867635,,
861863,0,867634,,
861871,0,867634,,
861918,0,867635,,
861978,0,,,
862070,1,,,
862161,0,867635,,
862164,0,867634,,
862167,0,867634,,
862171,0,,,
862216,1,,,
862314,0,,,
862337,0,,,
862339,0,,,
862713,1,,,
862725,1,,,
862845,0,,,
862866,0,,,
862936,0,,,
862938,0,,,
862984,0,,,
862989,0,867634,,
863025,0,867635,,
863050,0,867635,,
863086,1,,,
863100,1,,,
863157,0,867635,,
863180,0,867634,,
863195,0,867634,,
863197,0,867634,,
863231,1,,,
863246,0,,,
863268,1,,,
863273,0,,,
863359,1,,,
863399,1,,,
863407,0,,,
863408,0,,,
863712,0,867635,,
863765,1,,,
863766,1,,,
863806,1,,,
863807,1,,,
863814,1,,,
863831,0,867635,281,
863846,0,867635,,
863850,0,867635,,
863867,0,,,
863872,0,867634,,
863880,0,867635,,
863881,0,,,
863882,0,,,
863883,0,,,
863903,0,867635,,
863972,0,867634,,
863978,0,867635,,
863979,0,867635,,
863987,0,,,
863988,0,867635,,
863989,0,867634,,
863991,0,,,
863993,0,867634,,
864005,0,,,
864034,0,867635,,
864037,0,,,
864055,0,,,
864065,0,867635,,
864066,0,867635,,
864086,0,867635,,
864133,0,867634,,
864162,0,867634,,
864163,0,867634,,
864220,0,867634,,
864223,0,867635,,
864243,1,,,
864247,1,,,
864273,0,,,
864274,0,,,
864337,1,,,
864341,1,,,
864343,1,,,
864357,0,,,
864361,0,,,
864367,0,,,
864390,0,,,
864395,1,,,
864462,1,,,
864471,0,867635,,
864488,0,867635,,
864489,0,867634,,
864495,0,867634,,
864506,0,867635,,
864560,1,,,
864570,1,,,
864573,0,867635,,
864574,0,867634,,
864609,0,,,
864617,0,,,
864619,0,867634,,
864632,0,,,
864633,0,,,
864636,0,867635,,
864637,0,867635,,
864645,0,,,
864646,0,867634,,
864647,0,867635,,
864650,0,,,
864664,0,,,
864678,0,,,
864689,0,867635,,
864752,0,867635,,
864754,1,,,
864760,1,,,
864765,1,,,
864768,1,,,
864771,1,,,
864773,1,,,
864774,1,,,
864775,1,,,
864776,1,,,
864782,1,,,
864802,0,867635,,
864803,0,,,
864804,0,867634,,
864828,0,867634,,
864829,0,,,
864830,0,867634,,
864835,0,867635,,
864841,0,867635,281,
864846,0,867634,,
864850,0,867635,,
864855,0,867634,,
864856,0,867634,,
864862,0,867635,,
864873,0,867635,,
864875,0,867634,,
864876,0,,,
864877,0,867634,,
864878,0,867635,,
864879,0,867635,,
864888,0,867634,,
864889,0,867635,,
864896,0,,,
864898,0,867635,,
864908,0,,,
864909,0,867634,,
864910,0,867635,,
864911,0,867634,,
864914,0,,,
864926,0,867635,,
864927,0,,,
864928,0,867634,,
864929,0,867634,,
864932,0,,,
864937,0,,,
864951,1,,,
864955,0,,,
864971,0,867635,,
864986,0,867634,,
864988,0,867634,,
865034,1,,,
865067,1,,,
865095,1,,,
865103,1,,,
865110,1,,,
865116,1,,,
865118,1,,,
865119,1,,,
865121,1,,,
865122,1,,,
865124,1,,,
865125,1,,,
865126,1,,,
865136,1,,,
865137,1,,,
865140,1,,,
865141,1,,,
865147,1,,,
865150,1,,,
865159,0,,,
865160,0,867634,,
865161,0,867634,,
865163,0,867635,,
865170,0,867635,,
865180,0,867635,,
865184,0,867635,,
865200,0,867634,,
865209,0,,,
865210,0,867635,,
865213,0,,,
865214,0,867634,,
865218,0,867634,,
865220,0,867634,,
865221,0,867634,,
865222,0,867634,,
865230,0,867635,,
865231,0,867635,,
865238,0,,,
865239,0,,,
865240,0,,,
865241,0,867635,,
865243,0,,,
865244,0,867635,,
865245,0,867634,,898
865258,0,867634,,
865259,0,,,
865263,0,867635,,
865266,0,867634,,
865269,0,867635,,
865277,0,,,
865284,0,,,
865290,0,867634,,
865293,0,867635,,
865298,0,867634,,
865299,0,867635,,
865300,0,,,
865301,0,867635,,
865302,0,867635,,
865303,0,867635,,
865304,0,,,
865309,0,,,
865317,0,,,
865318,0,,,
865334,0,,,
865335,0,867635,,
865336,0,867635,,
865337,0,,,
865338,0,,,
865340,0,,,
865341,0,,,
865342,0,867634,,
865350,0,867634,,
865353,0,867635,,
865358,0,,,
865374,0,867635,,
865398,1,,,
865470,1,,,
865474,1,,,
865475,1,,,
865496,0,867634,,
865502,0,867634,,
865513,0,867635,,
865523,0,867634,,
865526,0,867634,,
865528,0,867634,,
865538,0,867635,,
865540,0,,,
865541,0,867634,,
865573,1,,,
865575,1,,,
865578,1,,,
865588,0,,,
865590,0,,,
865591,0,,,
865627,0,,,
865665,1,,,
865737,0,867635,,
865803,0,867634,,
865814,1,,,
865815,1,,,
865820,0,,,
865821,0,,,
865822,0,,,
865823,0,,,
865835,0,,,
865849,0,,,
865868,1,,,
865899,0,,,
865903,0,,,
865908,0,,,
865916,0,,,
865931,0,,,
865948,1,,,
865956,1,,,
865978,0,,,
865980,0,867635,,
865994,0,867635,,
865995,0,867635,,
866032,0,867634,,
866047,0,867634,,
866048,0,867635,,
866071,0,867634,,
866086,0,867634,,
866090,0,867635,,
866108,0,,,
866109,0,,,
866110,0,,,
866111,0,867634,,
866142,0,,,
866146,1,,,
866236,1,,,
866242,1,,,
866243,1,,,
866244,1,,,
866245,1,,,
866246,1,,,
866247,1,,,
866250,1,,,
866252,1,,,
866266,0,,,
866267,0,867635,,
866285,0,867634,,
866286,0,,,
866287,0,867635,,
866289,0,867634,,
866290,0,867634,,
866306,0,867635,,
866307,0,867635,,
866315,0,867635,,
866316,0,867634,,
866320,0,,,
866321,0,867635,,
866322,0,867635,,
866325,0,,,
866326,0,,,
866335,0,,,
866337,0,867635,,
866344,0,867634,,
866345,0,867634,,
866346,0,867634,,898
866351,0,,,
866352,0,,,
866353,0,,,
866354,0,,,
866355,0,,,
866356,0,867635,,
866357,0,867634,,
866358,0,,,
866359,0,,,
866360,0,,,
866365,0,867635,,
866367,0,867635,,
866372,0,867634,,
866385,0,867635,281,
866390,0,867634,,
866394,0,867634,,
866395,0,867635,,
866398,0,,,
866399,0,867635,,
866400,0,867635,,
866404,0,867634,,
866406,0,,,
866407,0,,,
866412,0,867634,,
866413,0,,,
866424,0,867634,,
866440,0,,,
866441,0,,,
866447,0,867634,,
866449,0,867635,,
866462,1,,,
866463,1,,,
866467,1,,,
866468,1,,,
866469,1,,,
866471,1,,,
866474,1,,,
866475,1,,,
866476,1,,,
866490,0,867635,,
866491,0,867634,,
866494,0,867635,,
866495,0,867634,,
866500,0,867635,,
866506,0,867635,,
866509,0,867634,,
866512,0,867635,,
866517,0,867635,,
866519,0,867635,,
866525,0,867634,,
866530,0,867635,,
866536,0,867635,,
866537,0,867634,,
866540,0,867635,,
866553,0,867635,,
866565,0,867635,,
866566,0,867634,,
866567,0,867635,,
866569,0,867634,,
866573,0,867635,,
866578,0,867634,,
866582,0,867634,,
866583,0,867634,,
866591,0,867634,,
866602,1,,,
866614,0,,,
866619,0,,,
866624,1,,,
866625,1,,,
866630,0,,,
866631,0,,,
866632,0,,,
866633,0,,,
866635,0,,,
866718,1,,,
866719,1,,,
866729,1,,,
866730,1,,,
866734,1,,,
866742,1,,,
866743,1,,,
866744,1,,,
866745,1,,,
866746,1,,,
866749,1,,,
866751,1,,,
866752,1,,,
866757,0,867634,,
866758,0,,,
866759,0,867635,,
866760,0,867634,,
866761,0,867634,,
866763,0,867634,,
866767,0,867634,,
866777,0,867634,,
866778,0,867635,,
866779,0,867634,,
866780,0,867634,,
866782,0,,,
866783,0,867635,,
866784,0,867635,,
866804,0,867635,,
866805,0,867634,,
866806,0,867634,,
866809,0,867634,,
866810,0,867635,,
866812,0,867635,,
866824,0,,,
866825,0,867634,,
866826,0,,,
866827,0,867634,,
866828,0,867634,,
866829,0,,,
866830,0,,,
866831,0,867635,281,
866832,0,867635,281,
866837,0,,,
866838,0,867635,,
866841,0,867635,,
866842,0,867634,,
866843,0,,,
866847,0,867635,,
866858,0,867634,,
866859,0,867634,,
866863,0,867635,,
866864,0,867634,,
866865,0,867634,,
866867,0,867634,,
866868,0,867635,,
866869,0,,,
866870,0,,,
866871,0,,,
866872,0,867634,,
866873,0,,,
866874,0,867634,,
866875,0,867635,,
866876,0,867635,,
866877,0,867634,,
866878,0,867635,,
866879,0,867635,,
866883,0,,,
866884,0,,,
866885,0,,,
866886,0,,,
866887,0,867635,,
866888,0,867635,,
866895,0,,,
866899,0,,,
866900,0,,,
866901,0,,,
866902,0,,,
866904,0,867635,,
866906,0,867635,,
866908,0,867635,,
866909,0,,,
866912,0,,,
866935,1,,,
866941,0,867634,,
866943,0,867635,,
866944,0,,,
866951,0,867635,,
866955,1,,,
866956,1,,,
866957,1,,,
866958,1,,,
866959,0,,,
866960,0,,,
866961,0,,,
866962,0,,,
866963,0,,,
866964,0,,,
866968,0,,,
866969,0,,,
866970,0,,,
866971,0,,,
866972,0,,,
866973,0,,,
866974,0,,,
866976,0,,,
866977,0,,,
866978,0,,,
866979,0,,,
866980,0,,,
866981,0,,,
866982,0,,,
866983,0,,,
866984,0,,,
866985,0,,,
866987,0,,,
866989,0,,,
866990,0,,,
866991,0,,,
866992,0,,,
866993,0,,,
866996,1,,,
866997,1,,,
866998,1,,,
867000,0,,,
867001,0,,,
867002,0,,,
867006,0,,,
867008,0,,,
867009,0,,,
867011,0,,,
867014,0,,,
867016,1,,,
867029,1,,,
867030,1,,,
867032,1,,,
867033,1,,,
867034,1,,,
867035,1,,,
867038,1,,,
867047,0,867635,,
867052,0,867634,,
867053,0,867634,,
867054,0,867634,,
867055,0,867635,,
867067,0,,,
867068,0,867634,,
867069,0,,,
867071,0,,,
867086,0,867635,,
867094,0,867635,,
867095,0,,,
867098,0,867635,,
867111,0,867635,,
867113,0,867635,271,
867115,0,867634,,
867118,0,,,
867119,0,867635,,
867120,0,867635,,
867122,0,867635,,
867123,0,867635,,
867124,0,867634,,
867125,0,867635,,
867126,0,867635,,
867127,0,867634,,
867128,0,867635,,
867130,0,,,
867131,0,867634,,
867132,0,,,
867133,0,867635,,
867135,0,867634,,
867142,0,,,
867143,0,867634,,
867144,0,,,
867145,0,,,
867146,0,867634,,
867147,0,867635,,
867148,0,867635,,
867149,0,,,
867151,0,867635,,
867152,0,867634,,
867154,0,867635,,
867155,0,867635,,
867156,0,867634,,
867158,0,,,
867159,0,,,
867160,0,,,
867161,0,867634,,
867162,0,867635,,
867163,0,867635,,
867164,0,,,
867168,0,867635,,
867173,0,,,
867174,0,867634,,
867175,0,,,
867176,0,,,
867177,0,,,
867178,0,,,
867179,0,,,
867181,0,,,
867185,0,,,
867186,0,,,
867187,0,867634,,
867188,0,,,
867190,0,,,
867198,0,867635,,
867269,1,,,
867276,0,,,
867280,0,,,
867281,0,867634,,
867282,0,867634,,
867294,1,,,
867296,1,,,
867297,1,,,
867298,1,,,
867299,1,,,
867300,1,,,
867302,1,,,
867303,1,,,
867304,1,,,
867306,1,,,
867307,1,,,
867310,1,,,
867311,1,,,
867313,0,867634,,
867314,0,,,
867315,0,867634,,
867316,0,867634,,
867318,0,867635,,
867319,0,867634,,
867320,0,867634,,
867325,0,867634,,
867326,0,867634,,
867327,0,867635,,
867328,0,867635,,
867329,0,867634,,
867333,0,867635,,
867336,0,867634,,
867340,0,867635,,
867350,0,867635,,
867351,0,867635,,
867353,0,867634,,
867354,0,867635,,
867356,0,867634,,
867357,0,867634,,
867358,0,867634,,
867364,0,,,
867366,0,867634,,
867372,0,867634,,
867378,0,867634,,
867379,0,867635,,
867384,0,867635,,
867385,0,867635,,
867386,0,,,
867390,0,867635,,
867396,0,867635,,
867397,0,867635,,
867402,0,867634,,
867403,0,867635,,
867405,0,867635,,
867406,0,867635,,
867409,0,867635,,
867411,0,867635,,
867414,0,867634,,
867416,0,867634,,
867417,0,867635,,
867418,0,867635,,
867419,1,,,
867420,1,,,
867421,0,,,
867422,0,,,
867426,1,,,
867428,1,,,
867432,1,,,
867433,1,,,
867440,1,,,
867444,0,867635,,
867448,0,867634,,
867459,0,867634,,
867462,0,867635,,
867465,0,867635,,
867472,0,867634,,
867474,0,867635,,
867475,0,867634,,
867487,0,867635,,
867488,0,867634,,
867490,0,867634,,
867493,0,867635,,
867499,0,867635,,
867512,0,867634,,
867513,0,867634,,
867516,0,867634,,
867517,0,867634,,
867521,1,,,
867523,1,,,
867525,1,,,
867529,1,,,
867533,1,,,
867539,1,,,
867541,0,,,
867542,0,,,
867543,0,,,
867544,0,,,
867545,0,,,
867546,0,,,
867548,0,,,
867556,0,,,
867566,0,,,
867572,0,,,
867574,0,,,
867576,0,,,
867577,0,,,
867590,1,,,
867594,1,,,
867597,0,,,
867598,0,,,
867599,0,,,
867604,1,,,
867607,1,,,
867608,1,,,
867609,1,,,
867610,1,,,
867611,1,,,
867612,1,,,
867613,1,,,
867614,1,,,
867615,0,,,
867616,0,,,
867617,0,,,
867618,0,,,
867619,0,,,
867620,0,,,
867621,0,,,
867622,0,,,
867623,0,,,
867624,0,,,
867625,0,,,
867626,0,,,
867627,0,,,
867628,0,,,
867629,0,,,
867630,0,,,
867634,1,,,
867635,1,,,
867637,0,,,
867638,0,,,
867639,0,867635,,
867684,1,,,
867686,1,,,
867687,0,867634,,
867690,1,,,
867692,1,,,
867693,1,,,
867694,1,,,
867697,1,,,
867698,1,,,
867699,1,,,
867700,1,,,
867701,1,,,
867702,1,,,
867703,1,,,
867704,1,,,
867707,1,,,
867708,1,,,
867711,0,867635,,
867712,0,867634,,
867715,0,867635,,
867716,0,867635,,
867717,0,867634,,
867719,0,867635,,
867720,0,867635,,
867721,0,867634,,
867722,0,867635,,
867724,0,867634,,
867726,0,867635,,
867727,0,867634,,
867728,0,867635,,
867730,0,,,
867731,0,867634,,
867732,0,867635,,
867733,0,867634,,
867734,0,867635,,
867735,0,867634,,
867737,0,867634,,
867738,0,867634,,
867739,0,867634,,
867740,0,867634,,
867741,0,867634,,
867742,0,867634,,
867743,0,867635,,
867745,0,867634,,
867746,0,867635,,
867748,0,867634,,
867749,0,867635,,
867750,0,867634,,
867751,0,867635,,
867752,0,867634,,
867753,0,867634,,
867754,0,867634,,
867756,0,867634,,
867757,0,867634,,
867758,0,,,
867760,0,867634,,
867761,0,867634,,
867764,0,867635,,
867765,0,867634,,
867766,0,867634,,
867767,0,867635,,
867770,0,,,
867771,0,867634,,
867772,0,867634,,
867773,0,867634,,
867774,0,867634,,
867776,0,867635,,
867777,0,867634,,
867780,0,867635,,
867781,0,867635,,
867782,0,867635,,
867783,1,,,
867784,1,,,
867785,0,867634,,
867786,0,867634,,
867787,0,867635,,
867788,0,867635,,
867789,0,867635,,
867790,0,867635,,
867791,0,867634,,
867792,0,867635,,
867793,0,867634,,
867794,0,867635,,
867795,0,867634,,
867796,0,867635,,
867797,0,867635,,
867798,0,867634,,
867799,0,867635,,
867800,0,867635,,
867801,0,867635,,
867802,0,867635,,
867803,0,867634,,
867804,0,867634,,
867805,0,867635,,
867806,0,867635,,
867807,0,867634,,
867808,0,867635,,
867809,0,867634,,
867810,1,,,
867811,1,,,
867812,1,,,
867813,1,,,
867814,1,,,
867815,1,,,
867816,1,,,
867817,1,,,
867818,1,,,
867819,1,,,
867821,1,,,
867822,1,,,
867823,1,,,
867824,1,,,
867825,1,,,
867826,1,,,
867827,1,,,
867828,1,,,
867829,1,,,
867830,1,,,
867831,1,,,
867832,1,,,
867833,1,,,
867834,1,,,
867835,1,,,
867836,1,,,
867837,1,,,
867838,1,,,
867839,1,,,
867840,1,,,
867841,1,,,
867842,1,,,
867843,1,,,
867844,1,,,
867845,1,,,
867846,1,,,
867847,1,,,
867848,1,,,
867849,1,,,
867850,1,,,
867851,0,,,
867852,0,867635,,
867853,0,867634,,
867854,0,,,
867857,0,,,
867858,0,867634,,
867859,0,867635,,
867861,0,867634,,
867862,0,867635,,
867865,0,,,
867866,0,,,
867867,0,,,
867868,0,867635,,
867869,0,867635,,
867870,0,867634,,
867871,0,867634,,
867872,0,867634,,
867873,0,,,
867874,0,,,
867875,0,,,
867876,0,867634,,
867877,0,867634,,
867878,0,,,
867879,0,867634,,
867880,0,,,
867881,0,,,
867882,0,,,
867883,0,,,
867885,0,,,
867886,0,,,
867887,0,,,
867888,0,,,
867889,0,,,
867890,0,867634,,
867891,0,867634,,
867892,0,867635,,
867893,0,,,
867894,0,867635,,
867895,0,867634,,
867896,0,867634,,
867897,0,867634,,
867898,0,,,
867899,0,867635,,
867900,0,867635,,
867901,0,,,
867902,0,,,
867903,0,867634,,
867904,0,867635,,
867906,0,867634,,
867908,0,,,
867910,0,867635,,
867911,0,,,
867912,0,,,
867913,0,,,
867914,0,,,
867915,0,,,
867916,0,,,
867917,0,,,
867918,0,,,
867920,0,867634,,
867923,0,,,
867925,0,867635,271,
867926,0,867634,,1149
867927,0,867635,271,
867928,0,867634,,
867929,0,,,
867930,0,867635,,
867931,0,867634,,
867932,0,867635,,
867933,0,867634,,
867934,0,867635,281,
867935,0,,,
867936,0,867635,,
867937,0,867634,,
867938,0,867634,,
867940,0,867634,,
867941,0,867634,,
867942,0,867634,,
867943,0,867634,,
867944,0,867635,,
867945,0,867634,,
867946,0,867634,,
867947,0,867635,,
867948,0,,,
867949,0,,,
867950,0,867634,,
867952,0,867634,,
867953,0,867634,,
867954,0,,,
867955,0,,,
867956,0,,,
867957,0,867634,,
867959,0,867635,,
867960,0,867634,,
867963,0,867635,,
867964,0,867635,,
867965,0,,,
867966,0,867635,,
867967,0,867634,,
867968,0,867634,,
867969,0,867634,,
867970,0,867634,,
867971,0,867634,,
867972,0,,,
867974,0,867634,,
867975,0,,,
867976,0,,,
867977,0,867635,,
867978,0,867635,,
867979,0,,,
867980,0,,,
867981,0,867634,,
867982,0,,,
867985,0,,,
867986,0,867634,,
867988,0,867635,,
867989,0,,,
867990,0,867635,,
867992,0,,,
867993,0,867635,,
867994,0,,,
867995,0,,,
867996,0,,,
867997,0,,,
868000,0,867635,,
868002,0,,,
868003,0,,,
868004,0,,,
868005,0,867635,,
868006,0,,,
868007,0,867634,,
868008,0,867634,,
868009,0,,,
868010,0,867635,,
868011,0,,,
868013,1,,,
868014,1,,,
868015,1,867635,,
868016,0,867635,,
868017,0,867634,,
868018,0,,,
868021,0,867634,,
868022,0,,,
868024,0,,,
868025,0,,,
868028,1,,,
868029,1,,,
868030,1,,,
868031,1,,,
868032,1,,,
868033,1,,,
868034,1,,,
868035,1,,,
868036,1,,,
868037,1,,,
868038,1,,,
868039,1,,,
868040,1,,,
868041,1,,,
868042,1,,,
868043,1,,,
868044,0,,,
868045,0,,,
868046,0,,,
868047,0,,,
868048,0,,,
868051,0,,,
868052,0,,,
868053,0,,,
868054,0,,,
868055,0,,,
868056,0,,,
868058,0,,,
868060,0,,,
868061,0,,,
868062,0,,,
868063,0,,,
868064,0,,,
868066,0,,,
868067,0,,,
868069,0,,,
868070,0,,,
868072,0,,,
868076,1,,,
868077,1,,,
868078,1,,,
868079,1,,,
868080,1,,,
868081,1,,,
868082,0,,,
868084,0,,,
868085,0,,,
868086,0,,,
